Valid. Perplexity	Dropout 0.0	Dropout 0.2	Dropout 0.4	Dropout 0.5	Dropout 0.6	Dropout 0.8
Epoch 1	117.882	321.403	125.36	123.386	116.117	135.661
Epoch 2	75.218	250.194	82.307	81.055	78.737	100.2
Epoch 3	65.064	209.607	70.997	68.624	70.298	93.071
Epoch 4	60.577	181.874	64.243	63.47	65.427	88.708
Epoch 5	59.897	179.485	61.44	61.177	63.097	85.625
Epoch 6	60.966	160.366	58.456	59.16	62.609	84.883
Epoch 7	57.547	151.857	57.467	57.999	62.157	82.851
Epoch 8	59.19	147.499	56.498	57.336	61.984	83.297
Epoch 9	58.771	147.252	56.43	56.86	61.467	82.093
Epoch 10	58.529	130.11	55.525	57.438	61.094	81.205
Epoch 11	58.4	127.766	55.824	55.568	60.775	80.883
Epoch 12	58.376	118.938	53.793	55.374	61.016	80.396
Epoch 13	58.37	122.803	53.694	55.337	60.119	80.599
Epoch 14	58.369	102.897	53.462	55.566	60.087	80.597
Epoch 15	58.368	102.912	53.535	55.493	59.811	80.626
Epoch 16	58.368	99.072	53.141	55.389	59.587	80.613
Epoch 17	58.368	98.214	53.143	55.388	59.213	80.615
Epoch 18	58.368	98.186	53.135	55.388	59.678	80.615
Epoch 19	58.368	97.548	53.109	55.387	59.386	80.615
Epoch 20	58.368	97.342	53.112	55.387	59.37	80.615
Epoch 21	58.368	97.423	53.136	55.387	59.38	80.615
Epoch 22	58.368	96.215	53.143	55.387	59.386	80.615
Epoch 23	58.368	96.391	53.144	55.387	59.386	80.615
Epoch 24	58.368	96.355	53.144	55.387	59.385	80.615
Epoch 25	58.368	96.344	53.144	55.387	59.386	80.615
Epoch 26	58.368	96.343	53.144	55.387	59.386	80.615
Epoch 27	58.368	96.343	53.144	55.387	59.386	80.615
Epoch 28	58.368	96.343	53.144	55.387	59.386	80.615
Epoch 29	58.368	96.343	53.144	55.387	59.386	80.615
Epoch 30	58.368	96.343	53.144	55.387	59.386	80.615
Epoch 31	58.368	96.343	53.144	55.387	59.386	80.615
Epoch 32	58.368	96.343	53.144	55.387	59.386	80.615
Epoch 33	58.368	96.343	53.144	55.387	59.386	80.615
Epoch 34	58.368	96.343	53.144	55.387	59.386	80.615
Epoch 35	58.368	96.343	53.144	55.387	59.386	80.615
Epoch 36	58.368	96.343	53.144	55.387	59.386	80.615
Epoch 37	58.368	96.343	53.144	55.387	59.386	80.615
Epoch 38	58.368	96.343	53.144	55.387	59.386	80.615
Epoch 39	58.368	96.343	53.144	55.387	59.386	80.615
Epoch 40	58.368	96.343	53.144	55.387	59.386	80.615
